\begin{tabular}{lrrrrrrrrrr}
\toprule
{} &         Age &         BMI &     Glucose &     Insulin &        HOMA &      Leptin &  Adiponectin &    Resistin &        MCP.1 &  Classification \\
\midrule
count &  116.000000 &  116.000000 &  116.000000 &  116.000000 &  116.000000 &  116.000000 &   116.000000 &  116.000000 &   116.000000 &      116.000000 \\
mean  &   57.301724 &   27.582111 &   97.793103 &   10.012086 &    2.694988 &   26.615080 &    10.180874 &   14.725966 &   534.647000 &        1.551724 \\
std   &   16.112766 &    5.020136 &   22.525162 &   10.067768 &    3.642043 &   19.183294 &     6.843341 &   12.390646 &   345.912663 &        0.499475 \\
min   &   24.000000 &   18.370000 &   60.000000 &    2.432000 &    0.467409 &    4.311000 &     1.656020 &    3.210000 &    45.843000 &        1.000000 \\
25\%   &   45.000000 &   22.973205 &   85.750000 &    4.359250 &    0.917966 &   12.313675 &     5.474282 &    6.881763 &   269.978250 &        1.000000 \\
50\%   &   56.000000 &   27.662416 &   92.000000 &    5.924500 &    1.380939 &   20.271000 &     8.352692 &   10.827740 &   471.322500 &        2.000000 \\
75\%   &   71.000000 &   31.241442 &  102.000000 &   11.189250 &    2.857787 &   37.378300 &    11.815970 &   17.755207 &   700.085000 &        2.000000 \\
max   &   89.000000 &   38.578759 &  201.000000 &   58.460000 &   25.050342 &   90.280000 &    38.040000 &   82.100000 &  1698.440000 &        2.000000 \\
\bottomrule
\end{tabular}


\begin{tabular}{lrrrrrrrrrr}
\toprule
{} &         Age &         BMI &      Glucose &     Insulin &        HOMA &      Leptin &  Adiponectin &     Resistin &          MCP.1 &  Classification \\
\midrule
Age            &  259.621214 &    0.689965 &    83.515142 &    5.271382 &    7.454703 &   31.721293 &   -24.237703 &     0.547375 &      75.030139 &       -0.350525 \\
BMI            &    0.689965 &   25.201763 &    15.700527 &    7.343449 &    2.093103 &   54.853329 &   -10.400302 &    12.151315 &     389.048753 &       -0.332450 \\
Glucose        &   83.515142 &   15.700527 &   507.382909 &  114.444261 &   57.115555 &  131.827115 &   -18.824679 &    81.309873 &    2063.870043 &        4.323838 \\
Insulin        &    5.271382 &    7.343449 &   114.444261 &  101.359945 &   34.181124 &   58.222171 &    -2.156212 &    18.304124 &     607.205999 &        1.391935 \\
HOMA           &    7.454703 &    2.093103 &    57.115555 &   34.181124 &   13.264479 &   22.860971 &    -1.404132 &    10.428967 &     326.962361 &        0.516649 \\
Leptin         &   31.721293 &   54.853329 &   131.827115 &   58.222171 &   22.860971 &  367.998771 &   -12.522427 &    60.905017 &      92.957638 &       -0.010333 \\
Adiponectin    &  -24.237703 &  -10.400302 &   -18.824679 &   -2.156212 &   -1.404132 &  -12.522427 &    46.831322 &   -21.398747 &    -475.083702 &       -0.066619 \\
Resistin       &    0.547375 &   12.151315 &    81.309873 &   18.304124 &   10.428967 &   60.905017 &   -21.398747 &   153.528100 &    1570.738239 &        1.406782 \\
MCP.1          &   75.030139 &  389.048753 &  2063.870043 &  607.205999 &  326.962361 &   92.957638 &  -475.083702 &  1570.738239 &  119655.570601 &       15.788243 \\
Classification &   -0.350525 &   -0.332450 &     4.323838 &    1.391935 &    0.516649 &   -0.010333 &    -0.066619 &     1.406782 &      15.788243 &        0.249475 \\
\bottomrule
\end{tabular}


\begin{tabular}{lrrrrrrrrrr}
\toprule
{} &       Age &       BMI &   Glucose &   Insulin &      HOMA &    Leptin &  Adiponectin &  Resistin &     MCP.1 &  Classification \\
\midrule
Age            &  1.000000 &  0.008530 &  0.230106 &  0.032495 &  0.127033 &  0.102626 &    -0.219813 &  0.002742 &  0.013462 &       -0.043555 \\
BMI            &  0.008530 &  1.000000 &  0.138845 &  0.145295 &  0.114480 &  0.569593 &    -0.302735 &  0.195350 &  0.224038 &       -0.132586 \\
Glucose        &  0.230106 &  0.138845 &  1.000000 &  0.504653 &  0.696212 &  0.305080 &    -0.122121 &  0.291327 &  0.264879 &        0.384315 \\
Insulin        &  0.032495 &  0.145295 &  0.504653 &  1.000000 &  0.932198 &  0.301462 &    -0.031296 &  0.146731 &  0.174356 &        0.276804 \\
HOMA           &  0.127033 &  0.114480 &  0.696212 &  0.932198 &  1.000000 &  0.327210 &    -0.056337 &  0.231101 &  0.259529 &        0.284012 \\
Leptin         &  0.102626 &  0.569593 &  0.305080 &  0.301462 &  0.327210 &  1.000000 &    -0.095389 &  0.256234 &  0.014009 &       -0.001078 \\
Adiponectin    & -0.219813 & -0.302735 & -0.122121 & -0.031296 & -0.056337 & -0.095389 &     1.000000 & -0.252363 & -0.200694 &       -0.019490 \\
Resistin       &  0.002742 &  0.195350 &  0.291327 &  0.146731 &  0.231101 &  0.256234 &    -0.252363 &  1.000000 &  0.366474 &        0.227310 \\
MCP.1          &  0.013462 &  0.224038 &  0.264879 &  0.174356 &  0.259529 &  0.014009 &    -0.200694 &  0.366474 &  1.000000 &        0.091381 \\
Classification & -0.043555 & -0.132586 &  0.384315 &  0.276804 &  0.284012 & -0.001078 &    -0.019490 &  0.227310 &  0.091381 &        1.000000 \\
\bottomrule
\end{tabular}


\begin{tabular}{lrrrrrrrrrr}
\toprule
{} &  Age &        BMI &  Glucose &  Insulin &       HOMA &   Leptin &  Adiponectin &  Resistin &     MCP.1 &  Classification \\
\midrule
95  &   49 &  29.777778 &       70 &    8.396 &   1.449709 &  51.3387 &    10.731740 &  20.76801 &   602.486 &               2 \\
102 &   65 &  30.915577 &       97 &   10.491 &   2.510147 &  44.0217 &     3.710090 &  20.46850 &   396.648 &               2 \\
55  &   34 &  24.242424 &       92 &   21.699 &   4.924226 &  16.7353 &    21.823745 &  12.06534 &   481.949 &               2 \\
72  &   51 &  18.370000 &      105 &    6.030 &   1.561770 &   9.6200 &    12.760000 &   3.21000 &   513.660 &               2 \\
78  &   86 &  26.666667 &      201 &   41.611 &  20.630734 &  47.6470 &     5.357135 &  24.37010 &  1698.440 &               2 \\
75  &   43 &  26.562500 &      101 &   10.555 &   2.629602 &   9.8000 &     6.420295 &  16.10000 &   806.724 &               2 \\
0   &   48 &  23.500000 &       70 &    2.707 &   0.467409 &   8.8071 &     9.702400 &   7.99585 &   417.114 &               1 \\
22  &   29 &  32.270788 &       84 &    5.810 &   1.203832 &  45.6196 &     6.209635 &  24.60330 &   904.981 &               1 \\
59  &   62 &  22.656250 &       92 &    3.482 &   0.790182 &   9.8648 &    11.236235 &  10.69548 &   703.973 &               2 \\
101 &   66 &  26.562500 &       89 &    6.524 &   1.432235 &  14.9084 &     8.429960 &  14.91922 &   269.487 &               2 \\
\bottomrule
\end{tabular}


