Problem 1a: Data Satistics (Avg, Std, Min & Max)
           Age      BMI  Glucose  Insulin     HOMA   Leptin  Adiponectin  Resistin     MCP.1
count  116.000  116.000  116.000  116.000  116.000  116.000      116.000   116.000   116.000
mean    57.302   27.582   97.793   10.012    2.695   26.615       10.181    14.726   534.647
std     16.113    5.020   22.525   10.068    3.642   19.183        6.843    12.391   345.913
min     24.000   18.370   60.000    2.432    0.467    4.311        1.656     3.210    45.843
25%     45.000   22.973   85.750    4.359    0.918   12.314        5.474     6.882   269.978
50%     56.000   27.662   92.000    5.924    1.381   20.271        8.353    10.828   471.322
75%     71.000   31.241  102.000   11.189    2.858   37.378       11.816    17.755   700.085
max     89.000   38.579  201.000   58.460   25.050   90.280       38.040    82.100  1698.440

Problem 1b: Covariance and correlation pairs
Covariance pairs table
                 Age      BMI   Glucose  Insulin     HOMA   Leptin  Adiponectin  Resistin       MCP.1
Age          259.621    0.690    83.515    5.271    7.455   31.721      -24.238     0.547      75.030
BMI            0.690   25.202    15.701    7.343    2.093   54.853      -10.400    12.151     389.049
Glucose       83.515   15.701   507.383  114.444   57.116  131.827      -18.825    81.310    2063.870
Insulin        5.271    7.343   114.444  101.360   34.181   58.222       -2.156    18.304     607.206
HOMA           7.455    2.093    57.116   34.181   13.264   22.861       -1.404    10.429     326.962
Leptin        31.721   54.853   131.827   58.222   22.861  367.999      -12.522    60.905      92.958
Adiponectin  -24.238  -10.400   -18.825   -2.156   -1.404  -12.522       46.831   -21.399    -475.084
Resistin       0.547   12.151    81.310   18.304   10.429   60.905      -21.399   153.528    1570.738
MCP.1         75.030  389.049  2063.870  607.206  326.962   92.958     -475.084  1570.738  119655.571

Correlation pairs table
               Age    BMI  Glucose  Insulin   HOMA  Leptin  Adiponectin  Resistin  MCP.1
Age          1.000  0.009    0.230    0.032  0.127   0.103       -0.220     0.003  0.013
BMI          0.009  1.000    0.139    0.145  0.114   0.570       -0.303     0.195  0.224
Glucose      0.230  0.139    1.000    0.505  0.696   0.305       -0.122     0.291  0.265
Insulin      0.032  0.145    0.505    1.000  0.932   0.301       -0.031     0.147  0.174
HOMA         0.127  0.114    0.696    0.932  1.000   0.327       -0.056     0.231  0.260
Leptin       0.103  0.570    0.305    0.301  0.327   1.000       -0.095     0.256  0.014
Adiponectin -0.220 -0.303   -0.122   -0.031 -0.056  -0.095        1.000    -0.252 -0.201
Resistin     0.003  0.195    0.291    0.147  0.231   0.256       -0.252     1.000  0.366
MCP.1        0.013  0.224    0.265    0.174  0.260   0.014       -0.201     0.366  1.000

Problem 1c: Histograms (see figs)

Problem 1e: Scatter Plot Matrix (see figs)

Problem 1f: Parallel Coordinates Plot (see figs)

Problem 2a: Random sample of 10 data points
     Age     BMI  Glucose  Insulin   HOMA  Leptin  Adiponectin  Resistin    MCP.1  Classification
49    85  26.600       96    4.462  1.057   7.850        7.932     9.614  232.006               1
106   45  29.385       90    4.713  1.046  23.848        6.644    15.556  621.273               2
23    35  30.277       84    4.376  0.907  39.213        9.048    16.437  733.797               1
104   57  34.838       95   12.548  2.940  33.161        2.365     9.954  655.834               2
18    64  34.530       95    4.427  1.037  21.212        5.463     6.702  252.449               1
25    45  37.036       83    6.760  1.384  39.980        4.617     8.704  586.173               1
45    66  27.700       90    6.042  1.341  24.846        7.652     6.705  225.880               1
31    53  36.790      101   10.175  2.535  27.184       20.030    10.263  695.754               1
70    45  20.260       92    3.440  0.781   7.650       16.670     7.840  193.870               2
0     48  23.500       70    2.707  0.467   8.807        9.702     7.996  417.114               1

Problem 2b: PCA Scatter Plot (see figs)

