\begin{tabular}{lrrrrrrrrr}
\toprule
{} &      Age &      BMI &  Glucose &  Insulin &     HOMA &   Leptin &  Adiponectin &  Resistin &     MCP.1 \\
\midrule
count &  116.000 &  116.000 &  116.000 &  116.000 &  116.000 &  116.000 &      116.000 &   116.000 &   116.000 \\
mean  &   57.302 &   27.582 &   97.793 &   10.012 &    2.695 &   26.615 &       10.181 &    14.726 &   534.647 \\
std   &   16.113 &    5.020 &   22.525 &   10.068 &    3.642 &   19.183 &        6.843 &    12.391 &   345.913 \\
min   &   24.000 &   18.370 &   60.000 &    2.432 &    0.467 &    4.311 &        1.656 &     3.210 &    45.843 \\
25\%   &   45.000 &   22.973 &   85.750 &    4.359 &    0.918 &   12.314 &        5.474 &     6.882 &   269.978 \\
50\%   &   56.000 &   27.662 &   92.000 &    5.924 &    1.381 &   20.271 &        8.353 &    10.828 &   471.322 \\
75\%   &   71.000 &   31.241 &  102.000 &   11.189 &    2.858 &   37.378 &       11.816 &    17.755 &   700.085 \\
max   &   89.000 &   38.579 &  201.000 &   58.460 &   25.050 &   90.280 &       38.040 &    82.100 &  1698.440 \\
\bottomrule
\end{tabular}


\begin{tabular}{lrrrrrrrrr}
\toprule
{} &      Age &      BMI &   Glucose &  Insulin &     HOMA &   Leptin &  Adiponectin &  Resistin &       MCP.1 \\
\midrule
Age         &  259.621 &    0.690 &    83.515 &    5.271 &    7.455 &   31.721 &      -24.238 &     0.547 &      75.030 \\
BMI         &    0.690 &   25.202 &    15.701 &    7.343 &    2.093 &   54.853 &      -10.400 &    12.151 &     389.049 \\
Glucose     &   83.515 &   15.701 &   507.383 &  114.444 &   57.116 &  131.827 &      -18.825 &    81.310 &    2063.870 \\
Insulin     &    5.271 &    7.343 &   114.444 &  101.360 &   34.181 &   58.222 &       -2.156 &    18.304 &     607.206 \\
HOMA        &    7.455 &    2.093 &    57.116 &   34.181 &   13.264 &   22.861 &       -1.404 &    10.429 &     326.962 \\
Leptin      &   31.721 &   54.853 &   131.827 &   58.222 &   22.861 &  367.999 &      -12.522 &    60.905 &      92.958 \\
Adiponectin &  -24.238 &  -10.400 &   -18.825 &   -2.156 &   -1.404 &  -12.522 &       46.831 &   -21.399 &    -475.084 \\
Resistin    &    0.547 &   12.151 &    81.310 &   18.304 &   10.429 &   60.905 &      -21.399 &   153.528 &    1570.738 \\
MCP.1       &   75.030 &  389.049 &  2063.870 &  607.206 &  326.962 &   92.958 &     -475.084 &  1570.738 &  119655.571 \\
\bottomrule
\end{tabular}


\begin{tabular}{lrrrrrrrrr}
\toprule
{} &    Age &    BMI &  Glucose &  Insulin &   HOMA &  Leptin &  Adiponectin &  Resistin &  MCP.1 \\
\midrule
Age         &  1.000 &  0.009 &    0.230 &    0.032 &  0.127 &   0.103 &       -0.220 &     0.003 &  0.013 \\
BMI         &  0.009 &  1.000 &    0.139 &    0.145 &  0.114 &   0.570 &       -0.303 &     0.195 &  0.224 \\
Glucose     &  0.230 &  0.139 &    1.000 &    0.505 &  0.696 &   0.305 &       -0.122 &     0.291 &  0.265 \\
Insulin     &  0.032 &  0.145 &    0.505 &    1.000 &  0.932 &   0.301 &       -0.031 &     0.147 &  0.174 \\
HOMA        &  0.127 &  0.114 &    0.696 &    0.932 &  1.000 &   0.327 &       -0.056 &     0.231 &  0.260 \\
Leptin      &  0.103 &  0.570 &    0.305 &    0.301 &  0.327 &   1.000 &       -0.095 &     0.256 &  0.014 \\
Adiponectin & -0.220 & -0.303 &   -0.122 &   -0.031 & -0.056 &  -0.095 &        1.000 &    -0.252 & -0.201 \\
Resistin    &  0.003 &  0.195 &    0.291 &    0.147 &  0.231 &   0.256 &       -0.252 &     1.000 &  0.366 \\
MCP.1       &  0.013 &  0.224 &    0.265 &    0.174 &  0.260 &   0.014 &       -0.201 &     0.366 &  1.000 \\
\bottomrule
\end{tabular}


\begin{tabular}{lrrrrrrrrrr}
\toprule
{} &  Age &     BMI &  Glucose &  Insulin &   HOMA &  Leptin &  Adiponectin &  Resistin &     MCP.1 &  Classification \\
\midrule
32  &   28 &  35.856 &       87 &    8.576 &  1.840 &  68.510 &        4.794 &    21.444 &   358.624 &               1 \\
43  &   69 &  32.500 &       93 &    5.430 &  1.246 &  15.145 &       11.788 &    11.788 &   270.142 &               1 \\
108 &   68 &  35.560 &      131 &    8.150 &  2.634 &  17.870 &       11.900 &     4.190 &   198.400 &               2 \\
62  &   49 &  21.368 &       78 &    2.640 &  0.508 &   6.334 &        3.886 &    22.943 &   737.672 &               2 \\
11  &   29 &  23.010 &       82 &    5.663 &  1.145 &  35.590 &       26.720 &     4.580 &   174.800 &               1 \\
22  &   29 &  32.271 &       84 &    5.810 &  1.204 &  45.620 &        6.210 &    24.603 &   904.981 &               1 \\
47  &   78 &  25.300 &       60 &    3.508 &  0.519 &   6.633 &       10.567 &     4.664 &   209.749 &               1 \\
28  &   35 &  35.251 &       90 &    6.817 &  1.513 &  50.609 &        6.967 &    22.037 &   667.928 &               1 \\
84  &   42 &  29.297 &       98 &    4.172 &  1.009 &  12.262 &        6.696 &    53.672 &  1041.843 &               2 \\
5   &   49 &  22.854 &       92 &    3.226 &  0.732 &   6.832 &       13.680 &    10.318 &   530.410 &               1 \\
\bottomrule
\end{tabular}


